5,
36,
40,
63,
85,
102,
104,
127,
133,
148,
158,
174,
182,
186,
195,
219,
222,
228,
246,
280,
292,
299,
300,
307,
310,
342,
344,
348,
369,
374,
378,
384,
390,
397,
415,
422,
427,
431,
437,
449,
453,
460,
463,
469,
484,
504,
508,
510,
518,
522,
525,
530,
541,
561,
563,
573,
579,
589,
602,
652,
659,
670,
742,
746,
752,
756,
760,
876,
891,
901,
915,
919,
931,
952,
969,
975,
999,
1003,
1016,
1027,
1034,
1040,
1061,
1067,
1072,
1077,
1096,
1102,
1124,
1128,
1135,
1137,
1143,
1159,
1171,
1175,
1230,
1247,
1253,
1267,
1269,
1275,
1288,
1292,
1299,
1328,
1345,
1350,
1359,
1363,
1385,
1414,
1423,
1438,
1440,
1442,
1451,
1464,
1497,
1506,
1513,
1549,
1559,
1565,
1581,
1595,
1613,
1637,
1646,
1667,
1693,
1732,
1737,
1765,
1812,
1823,
1833,
1878,
1897,
1912,
1932,
1941,
1944,
1972,
1976,
1986,
2005,
2013,
2050,
2060,
2067,
2090,
2145,
2154,
2161,
2172,
2199,
2206,
2210,
2216,
2220,
2251,
2253,
2270,
2273,
2293,
2300,
2320,
2331,
2337,
2354,
2381,
2392,
2393,
2431,
2449,
2453,
2468,
2474,
2505,
2532,
2537,
2540,
2543,
2553,
2566,
2573,
2600,
2629,
2646,
2652,
2669,
2686,
2695,
2707,
