6,
7,
14,
21,
24,
28,
31,
34,
39,
42,
48,
53,
54,
58,
66,
71,
73,
82,
89,
94,
98,
119,
125,
130,
149,
150,
163,
166,
181,
191,
192,
204,
209,
211,
227,
232,
236,
241,
255,
259,
260,
265,
270,
275,
284,
298,
304,
314,
315,
319,
323,
331,
338,
345,
365,
368,
373,
387,
388,
404,
405,
409,
414,
418,
421,
426,
436,
441,
444,
446,
468,
473,
489,
491,
499,
503,
511,
526,
536,
546,
554,
555,
558,
570,
573,
575,
578,
584,
591,
595,
598,
599,
604,
615,
619,
622,
627,
628,
632,
633,
642,
651,
658,
669,
674,
678,
683,
698,
699,
703,
706,
717,
718,
727,
728,
733,
738,
741,
747,
767,
771,
776,
798,
802,
812,
815,
817,
822,
827,
830,
834,
850,
856,
858,
869,
882,
886,
887,
890,
900,
907,
912,
927,
934,
947,
954,
958,
963,
965,
970,
981,
987,
1002,
1010,
1012,
1013,
1015,
1018,
1019,
1030,
1035,
1053,
1058,
1062,
1083,
1087,
1093,
1098,
1099,
1113,
1121,
1139,
1144,
1145,
1158,
1163,
1178,
1182,
1186,
1187,
1191,
1192,
1196,
1200,
1209,
1210,
1213,
1221,
1225,
1246,
1252,
1261,
1280,
1283,
1284,
1293,
1301,
1302,
1320,
1324,
1325,
1331,
1344,
1371,
1375,
1380,
1399,
1406,
1413,
1418,
1419,
1420,
1428,
1433,
1437,
1444,
1445,
1452,
1453,
1455,
1470,
1496,
1501,
1502,
1510,
1525,
1535,
1539,
1540,
1543,
1545,
1553,
1555,
1556,
1558,
1561,
1562,
1567,
1571,
1580,
1588,
1590,
1602,
1607,
1616,
1620,
1643,
1661,
1666,
1671,
1675,
1682,
1683,
1686,
1694,
1698,
1703,
1707,
1716,
1728,
1745,
1749,
1758,
1768,
1773,
1781,
1782,
1785,
1798,
1803,
1808,
1813,
1814,
1826,
1829,
1830,
1841,
1843,
1855,
1859,
1860,
1864,
1870,
1877,
1888,
1892,
1901,
1911,
1915,
1918,
1922,
1927,
1936,
1939,
1963,
1967,
1975,
1980,
1996,
1998,
1999,
2004,
2017,
2021,
2023,
2024,
2031,
2040,
2045,
2061,
2071,
2076,
2087,
2092,
2103,
2107,
2109,
2111,
2112,
2121,
2125,
2126,
2130,
2131,
2142,
2162,
2165,
2174,
2179,
2182,
2183,
2188,
2194,
2211,
2222,
2228,
2229,
2233,
2237,
2241,
2247,
2248,
2260,
2269,
2277,
2278,
2279,
2284,
2287,
2301,
2310,
2324,
2325,
2341,
2342,
2383,
2385,
2389,
2417,
2428,
2433,
2463,
2464,
2470,
2476,
2487,
2491,
2492,
2510,
2521,
2524,
2536,
2547,
2548,
2549,
2557,
2560,
2574,
2593,
2596,
2602,
2608,
2609,
2613,
2617,
2633,
2641,
2656,
2657,
2683,
2691,
2700,
2703,
2704,
