20,
23,
41,
61,
70,
75,
80,
97,
107,
132,
138,
175,
177,
180,
194,
200,
203,
208,
224,
250,
264,
289,
322,
325,
336,
337,
347,
353,
356,
359,
364,
382,
389,
396,
401,
440,
472,
477,
481,
490,
517,
524,
539,
565,
569,
587,
601,
608,
613,
614,
629,
639,
647,
657,
662,
666,
677,
681,
682,
688,
694,
711,
724,
751,
770,
774,
775,
789,
792,
816,
825,
833,
847,
855,
863,
864,
870,
878,
885,
911,
932,
938,
946,
950,
962,
974,
986,
990,
994,
997,
1028,
1042,
1047,
1057,
1066,
1075,
1092,
1108,
1117,
1120,
1150,
1153,
1154,
1162,
1167,
1181,
1184,
1188,
1193,
1220,
1234,
1241,
1245,
1250,
1259,
1260,
1277,
1279,
1307,
1310,
1323,
1335,
1355,
1364,
1370,
1387,
1392,
1397,
1398,
1402,
1410,
1441,
1448,
1454,
1469,
1474,
1480,
1485,
1490,
1495,
1500,
1509,
1518,
1522,
1530,
1532,
1542,
1575,
1578,
1585,
1589,
1599,
1625,
1631,
1641,
1648,
1652,
1665,
1670,
1684,
1685,
1702,
1714,
1715,
1729,
1736,
1744,
1756,
1757,
1783,
1784,
1800,
1818,
1821,
1832,
1836,
1840,
1847,
1854,
1857,
1861,
1869,
1874,
1885,
1906,
1910,
1954,
1961,
1984,
1997,
2012,
2022,
2029,
2030,
2044,
2048,
2057,
2080,
2096,
2108,
2117,
2120,
2127,
2137,
2140,
2153,
2158,
2164,
2170,
2178,
2191,
2198,
2236,
2263,
2297,
2303,
2309,
2313,
2317,
2347,
2360,
2363,
2366,
2382,
2384,
2400,
2406,
2412,
2421,
2437,
2443,
2458,
2486,
2490,
2497,
2503,
2514,
2527,
2570,
2576,
2584,
2616,
2620,
2632,
2637,
2662,
2675,
2678,
2690,
2694,
2710,
