5
6
7
14
20
21
23
24
28
31
34
36
39
40
41
42
48
52
53
54
58
61
63
66
70
71
73
75
80
82
85
89
94
97
98
102
104
107
119
125
127
130
132
133
138
148
149
150
158
163
166
174
175
177
180
181
182
186
191
192
194
195
200
203
204
208
209
211
219
222
224
227
228
232
236
240
241
246
250
255
258
259
260
264
265
270
274
275
280
284
289
292
298
299
300
304
307
310
314
315
319
322
323
325
331
336
337
338
342
344
345
347
348
353
356
359
364
365
368
369
373
374
378
382
384
387
388
389
390
396
397
401
404
405
409
413
414
415
418
421
422
426
427
431
435
436
437
440
441
444
446
449
453
460
463
467
468
469
472
473
477
481
484
489
490
491
499
503
504
508
510
511
517
518
522
524
525
526
530
536
539
541
546
554
555
558
561
563
565
569
570
573
573
575
578
579
584
587
589
591
595
598
599
601
602
604
608
613
614
615
619
622
627
628
629
632
633
639
642
647
651
652
657
658
659
662
666
669
670
674
677
678
681
682
683
688
694
698
699
703
706
711
717
718
724
727
728
733
738
741
742
746
747
751
752
756
760
767
770
771
774
775
776
789
792
798
802
812
815
816
817
822
825
827
830
833
834
847
850
855
856
858
863
864
869
870
876
878
882
885
886
887
890
891
900
901
906
907
911
912
915
919
927
931
932
934
938
946
947
950
952
954
958
962
963
965
969
970
974
975
981
986
987
990
994
997
999
1002
1003
1010
1012
1013
1015
1016
1018
1019
1027
1028
1030
1034
1035
1040
1042
1047
1053
1057
1058
1061
1062
1066
1067
1072
1075
1077
1083
1087
1092
1093
1096
1098
1099
1102
1108
1113
1117
1120
1121
1124
1128
1135
1137
1139
1143
1144
1145
1150
1153
1154
1158
1159
1162
1163
1167
1171
1175
1178
1181
1182
1184
1186
1187
1188
1191
1192
1193
1196
1200
1209
1210
1213
1216
1220
1221
1224
1225
1230
1234
1241
1245
1246
1247
1250
1252
1253
1259
1260
1261
1267
1269
1275
1277
1279
1280
1283
1284
1288
1292
1293
1299
1301
1302
1307
1310
1320
1323
1324
1325
1328
1331
1335
1344
1345
1350
1355
1359
1363
1364
1370
1371
1374
1375
1380
1385
1387
1392
1397
1398
1399
1402
1406
1410
1413
1414
1418
1419
1420
1423
1428
1433
1437
1438
1440
1441
1442
1444
1445
1448
1451
1452
1453
1454
1455
1464
1469
1470
1474
1480
1485
1490
1490
1495
1496
1497
1500
1501
1502
1506
1509
1510
1513
1518
1522
1525
1530
1532
1535
1539
1540
1542
1543
1545
1549
1553
1555
1556
1558
1559
1561
1562
1565
1567
1571
1575
1578
1580
1581
1585
1588
1589
1590
1595
1599
1602
1606
1607
1613
1616
1620
1625
1631
1637
1641
1643
1646
1648
1652
1661
1665
1666
1667
1670
1671
1674
1675
1682
1683
1684
1685
1686
1693
1694
1698
1702
1703
1706
1707
1714
1715
1716
1728
1729
1732
1736
1737
1744
1745
1748
1749
1756
1757
1758
1765
1768
1773
1781
1782
1783
1784
1785
1798
1800
1803
1807
1808
1812
1813
1814
1818
1821
1823
1826
1829
1830
1832
1833
1836
1840
1841
1843
1847
1854
1855
1857
1859
1860
1861
1864
1869
1870
1874
1877
1878
1885
1888
1892
1897
1901
1906
1910
1911
1912
1915
1918
1922
1927
1932
1936
1939
1941
1944
1954
1961
1963
1967
1972
1975
1976
1980
1984
1986
1995
1996
1997
1998
1999
2004
2005
2012
2013
2017
2020
2021
2022
2023
2024
2029
2030
2031
2040
2044
2045
2048
2050
2057
2060
2061
2066
2067
2071
2076
2080
2087
2090
2092
2096
2102
2103
2107
2108
2109
2111
2112
2117
2120
2121
2125
2126
2127
2130
2131
2137
2140
2142
2145
2153
2154
2158
2161
2162
2164
2165
2170
2172
2174
2178
2179
2182
2183
2188
2191
2194
2198
2199
2206
2210
2211
2216
2220
2222
2228
2229
2233
2236
2237
2240
2241
2247
2248
2251
2253
2260
2263
2269
2270
2273
2277
2278
2279
2284
2287
2293
2297
2300
2301
2303
2309
2310
2313
2317
2320
2324
2325
2329
2331
2337
2341
2342
2347
2354
2360
2363
2366
2373
2381
2382
2383
2384
2385
2389
2392
2393
2400
2406
2412
2417
2421
2428
2431
2433
2437
2443
2449
2453
2458
2463
2464
2468
2470
2474
2476
2486
2487
2490
2491
2492
2497
2503
2505
2510
2514
2521
2524
2527
2532
2536
2537
2540
2543
2547
2548
2549
2553
2557
2560
2566
2570
2573
2574
2576
2584
2593
2596
2600
2602
2608
2609
2613
2616
2617
2620
2629
2632
2633
2637
2641
2644
2646
2652
2656
2657
2662
2669
2675
2678
2683
2686
2690
2691
2694
2695
2700
2703
2704
2707
2710
